﻿date,count,weekday,moving_avg,cumulative,delta,phase
2024-11-29,10,금요일,10.0,10,,정체기
2024-11-30,16,토요일,13.0,26,3.0,성장기
2024-12-01,16,일요일,14.0,42,2.0,성장기
2024-12-02,15,월요일,14.25,57,1.4166666666666667,성장기
2024-12-03,15,화요일,14.4,72,0.4666666666666668,성장기
2024-12-04,14,수요일,14.333333333333334,86,0.11111111111111131,성장기
2024-12-05,14,목요일,14.285714285714286,100,0.011904761904762159,성장기
2024-12-06,14,금요일,14.857142857142858,114,0.15238095238095242,성장기
2024-12-07,13,토요일,14.428571428571429,127,0.03174603174603163,성장기
2024-12-08,13,일요일,14.0,140,-0.0952380952380955,쇠퇴기
2024-12-09,13,월요일,13.714285714285714,153,-0.3809523809523814,쇠퇴기
2024-12-10,12,화요일,13.285714285714286,165,-0.38095238095238076,쇠퇴기
2024-12-11,12,수요일,13.0,177,-0.3333333333333333,쇠퇴기
2024-12-12,11,목요일,12.571428571428571,188,-0.38095238095238076,쇠퇴기
2024-12-13,12,금요일,12.285714285714286,200,-0.3333333333333333,쇠퇴기
2024-12-14,11,토요일,12.0,211,-0.3333333333333333,쇠퇴기
2024-12-15,11,일요일,11.714285714285714,222,-0.28571428571428586,쇠퇴기
2024-12-16,10,월요일,11.285714285714286,232,-0.3333333333333333,쇠퇴기
2024-12-17,10,화요일,11.0,242,-0.3333333333333333,쇠퇴기
2024-12-18,11,수요일,10.857142857142858,253,-0.2857142857142853,쇠퇴기
2024-12-19,10,목요일,10.714285714285714,263,-0.190476190476191,쇠퇴기
2024-12-20,9,금요일,10.285714285714286,272,-0.23809523809523783,쇠퇴기
2024-12-21,10,토요일,10.142857142857142,282,-0.23809523809523844,쇠퇴기
2024-12-22,9,일요일,9.857142857142858,291,-0.2857142857142853,쇠퇴기
2024-12-23,9,월요일,9.714285714285714,300,-0.190476190476191,쇠퇴기
2024-12-24,9,화요일,9.571428571428571,309,-0.19047619047619038,쇠퇴기
2024-12-25,9,수요일,9.285714285714286,318,-0.19047619047619038,쇠퇴기
2024-12-26,9,목요일,9.142857142857142,327,-0.19047619047619038,쇠퇴기
2024-12-27,8,금요일,9.0,335,-0.19047619047619038,쇠퇴기
2024-12-28,9,토요일,8.857142857142858,344,-0.14285714285714293,쇠퇴기
2024-12-29,8,일요일,8.714285714285714,352,-0.14285714285714293,쇠퇴기
2024-12-30,8,월요일,8.571428571428571,360,-0.14285714285714293,쇠퇴기
2024-12-31,8,화요일,8.428571428571429,368,-0.14285714285714293,쇠퇴기
2025-01-01,8,수요일,8.285714285714286,376,-0.14285714285714235,쇠퇴기
2025-01-02,8,목요일,8.142857142857142,384,-0.14285714285714293,쇠퇴기
2025-01-03,7,금요일,8.0,391,-0.14285714285714293,쇠퇴기
2025-01-04,8,토요일,7.857142857142857,399,-0.14285714285714324,쇠퇴기
2025-01-05,7,일요일,7.714285714285714,406,-0.14285714285714265,쇠퇴기
2025-01-06,7,월요일,7.571428571428571,413,-0.14285714285714293,쇠퇴기
2025-01-07,8,화요일,7.571428571428571,421,-0.09523809523809519,쇠퇴기
2025-01-08,7,수요일,7.428571428571429,428,-0.09523809523809519,쇠퇴기
2025-01-09,6,목요일,7.142857142857143,434,-0.14285714285714265,쇠퇴기
2025-01-10,7,금요일,7.142857142857143,441,-0.14285714285714265,쇠퇴기
2025-01-11,7,토요일,7.0,448,-0.14285714285714293,쇠퇴기
2025-01-12,7,일요일,7.0,455,-0.04761904761904775,쇠퇴기
2025-01-13,6,월요일,6.857142857142857,461,-0.0952380952380955,쇠퇴기
2025-01-14,7,화요일,6.714285714285714,468,-0.09523809523809519,쇠퇴기
2025-01-15,6,수요일,6.571428571428571,474,-0.14285714285714293,쇠퇴기
2025-01-16,6,목요일,6.571428571428571,480,-0.09523809523809519,쇠퇴기
2025-01-17,7,금요일,6.571428571428571,487,-0.04761904761904775,쇠퇴기
2025-01-18,6,토요일,6.428571428571429,493,-0.04761904761904745,쇠퇴기
2025-01-19,6,일요일,6.285714285714286,499,-0.09523809523809519,쇠퇴기
2025-01-20,6,월요일,6.285714285714286,505,-0.09523809523809519,쇠퇴기
2025-01-21,6,화요일,6.142857142857143,511,-0.09523809523809519,쇠퇴기
2025-01-22,6,수요일,6.142857142857143,517,-0.04761904761904745,쇠퇴기
2025-01-23,5,목요일,6.0,522,-0.09523809523809519,쇠퇴기
2025-01-24,6,금요일,5.857142857142857,528,-0.0952380952380955,쇠퇴기
2025-01-25,6,토요일,5.857142857142857,534,-0.0952380952380955,쇠퇴기
2025-01-26,5,일요일,5.714285714285714,539,-0.09523809523809519,쇠퇴기
2025-01-27,6,월요일,5.714285714285714,545,-0.04761904761904745,쇠퇴기
2025-01-28,5,화요일,5.571428571428571,550,-0.09523809523809519,쇠퇴기
2025-01-29,6,수요일,5.571428571428571,556,-0.04761904761904775,쇠퇴기
2025-01-30,5,목요일,5.571428571428571,561,-0.04761904761904775,쇠퇴기
2025-01-31,5,금요일,5.428571428571429,566,-0.04761904761904745,쇠퇴기
2025-02-01,5,토요일,5.285714285714286,571,-0.09523809523809519,쇠퇴기
2025-02-02,6,일요일,5.428571428571429,577,-0.04761904761904745,쇠퇴기
2025-02-03,5,월요일,5.285714285714286,582,-0.04761904761904775,쇠퇴기
2025-02-04,5,화요일,5.285714285714286,587,0.0,정체기
2025-02-05,5,수요일,5.142857142857143,592,-0.09523809523809519,쇠퇴기
2025-02-06,5,목요일,5.142857142857143,597,-0.04761904761904745,쇠퇴기
2025-02-07,5,금요일,5.142857142857143,602,-0.04761904761904745,쇠퇴기
2025-02-08,4,토요일,5.0,606,-0.04761904761904775,쇠퇴기
2025-02-09,5,일요일,4.857142857142857,611,-0.0952380952380955,쇠퇴기
2025-02-10,5,월요일,4.857142857142857,616,-0.0952380952380955,쇠퇴기
2025-02-11,5,화요일,4.857142857142857,621,-0.04761904761904775,쇠퇴기
2025-02-12,4,수요일,4.714285714285714,625,-0.04761904761904745,쇠퇴기
2025-02-13,5,목요일,4.714285714285714,630,-0.04761904761904745,쇠퇴기
2025-02-14,5,금요일,4.714285714285714,635,-0.04761904761904745,쇠퇴기
2025-02-15,4,토요일,4.714285714285714,639,0.0,정체기
2025-02-16,5,일요일,4.714285714285714,644,0.0,정체기
2025-02-17,4,월요일,4.571428571428571,648,-0.04761904761904775,쇠퇴기
2025-02-18,4,화요일,4.428571428571429,652,-0.09523809523809519,쇠퇴기
2025-02-19,5,수요일,4.571428571428571,657,-0.04761904761904775,쇠퇴기
2025-02-20,4,목요일,4.428571428571429,661,-0.04761904761904745,쇠퇴기
2025-02-21,4,금요일,4.285714285714286,665,-0.04761904761904775,쇠퇴기
2025-02-22,5,토요일,4.428571428571429,670,-0.04761904761904745,쇠퇴기
2025-02-23,4,일요일,4.285714285714286,674,-0.04761904761904775,쇠퇴기
2025-02-24,4,월요일,4.285714285714286,678,0.0,정체기
2025-02-25,4,화요일,4.285714285714286,682,-0.04761904761904775,쇠퇴기
2025-02-26,4,수요일,4.142857142857143,686,-0.04761904761904745,쇠퇴기
2025-02-27,4,목요일,4.142857142857143,690,-0.04761904761904745,쇠퇴기
2025-02-28,4,금요일,4.142857142857143,694,-0.04761904761904745,쇠퇴기
2025-03-01,4,토요일,4.0,698,-0.04761904761904775,쇠퇴기
2025-03-02,4,일요일,4.0,702,-0.04761904761904775,쇠퇴기
2025-03-03,4,월요일,4.0,706,-0.04761904761904775,쇠퇴기
2025-03-04,4,화요일,4.0,710,0.0,정체기
2025-03-05,4,수요일,4.0,714,0.0,정체기
2025-03-06,4,목요일,4.0,718,0.0,정체기
2025-03-07,4,금요일,4.0,722,0.0,정체기
2025-03-08,3,토요일,3.857142857142857,725,-0.047619047619047596,쇠퇴기
2025-03-09,4,일요일,3.857142857142857,729,-0.047619047619047596,쇠퇴기
2025-03-10,4,월요일,3.857142857142857,733,-0.047619047619047596,쇠퇴기
2025-03-11,4,화요일,3.857142857142857,737,0.0,정체기
2025-03-12,3,수요일,3.7142857142857144,740,-0.047619047619047596,쇠퇴기
2025-03-13,4,목요일,3.7142857142857144,744,-0.047619047619047596,쇠퇴기
2025-03-14,4,금요일,3.7142857142857144,748,-0.047619047619047596,쇠퇴기
2025-03-15,3,토요일,3.7142857142857144,751,0.0,정체기
2025-03-16,4,일요일,3.7142857142857144,755,0.0,정체기
2025-03-17,3,월요일,3.5714285714285716,758,-0.047619047619047596,쇠퇴기
2025-03-18,4,화요일,3.5714285714285716,762,-0.047619047619047596,쇠퇴기
2025-03-19,3,수요일,3.5714285714285716,765,-0.047619047619047596,쇠퇴기
2025-03-20,4,목요일,3.5714285714285716,769,0.0,정체기
2025-03-21,3,금요일,3.4285714285714284,772,-0.04761904761904775,쇠퇴기
2025-03-22,3,토요일,3.4285714285714284,775,-0.04761904761904775,쇠퇴기
2025-03-23,4,일요일,3.4285714285714284,779,-0.04761904761904775,쇠퇴기
2025-03-24,3,월요일,3.4285714285714284,782,0.0,정체기
2025-03-25,4,화요일,3.4285714285714284,786,0.0,정체기
2025-03-26,3,수요일,3.4285714285714284,789,0.0,정체기
2025-03-27,3,목요일,3.2857142857142856,792,-0.047619047619047596,쇠퇴기
2025-03-28,3,금요일,3.2857142857142856,795,-0.047619047619047596,쇠퇴기
2025-03-29,4,토요일,3.4285714285714284,799,0.0,정체기
2025-03-30,3,일요일,3.2857142857142856,802,0.0,정체기
2025-03-31,3,월요일,3.2857142857142856,805,0.0,정체기
2025-04-01,3,화요일,3.142857142857143,808,-0.09523809523809519,쇠퇴기
2025-04-02,3,수요일,3.142857142857143,811,-0.047619047619047596,쇠퇴기
2025-04-03,4,목요일,3.2857142857142856,815,0.0,정체기
2025-04-04,3,금요일,3.2857142857142856,818,0.047619047619047596,성장기
2025-04-05,3,토요일,3.142857142857143,821,0.0,정체기
2025-04-06,3,일요일,3.142857142857143,824,-0.047619047619047596,쇠퇴기
2025-04-07,3,월요일,3.142857142857143,827,-0.047619047619047596,쇠퇴기
2025-04-08,3,화요일,3.142857142857143,830,0.0,정체기
2025-04-09,3,수요일,3.142857142857143,833,0.0,정체기
2025-04-10,3,목요일,3.0,836,-0.047619047619047596,쇠퇴기
2025-04-11,3,금요일,3.0,839,-0.047619047619047596,쇠퇴기
2025-04-12,3,토요일,3.0,842,-0.047619047619047596,쇠퇴기
2025-04-13,3,일요일,3.0,845,0.0,정체기
2025-04-14,3,월요일,3.0,848,0.0,정체기
2025-04-15,3,화요일,3.0,851,0.0,정체기
2025-04-16,3,수요일,3.0,854,0.0,정체기
2025-04-17,3,목요일,3.0,857,0.0,정체기
2025-04-18,2,금요일,2.857142857142857,859,-0.047619047619047596,쇠퇴기
2025-04-19,3,토요일,2.857142857142857,862,-0.047619047619047596,쇠퇴기
2025-04-20,3,일요일,2.857142857142857,865,-0.047619047619047596,쇠퇴기
2025-04-21,3,월요일,2.857142857142857,868,0.0,정체기
2025-04-22,3,화요일,2.857142857142857,871,0.0,정체기
2025-04-23,2,수요일,2.7142857142857144,873,-0.047619047619047596,쇠퇴기
2025-04-24,3,목요일,2.7142857142857144,876,-0.047619047619047596,쇠퇴기
2025-04-25,3,금요일,2.857142857142857,879,0.0,정체기
2025-04-26,3,토요일,2.857142857142857,882,0.047619047619047596,성장기
2025-04-27,2,일요일,2.7142857142857144,884,0.0,정체기
2025-04-28,3,월요일,2.7142857142857144,887,-0.047619047619047596,쇠퇴기
2025-04-29,3,화요일,2.7142857142857144,890,-0.047619047619047596,쇠퇴기
2025-04-30,2,수요일,2.7142857142857144,892,0.0,정체기
2025-05-01,3,목요일,2.7142857142857144,895,0.0,정체기
2025-05-02,3,금요일,2.7142857142857144,898,0.0,정체기
2025-05-03,2,토요일,2.5714285714285716,900,-0.047619047619047596,쇠퇴기
2025-05-04,3,일요일,2.7142857142857144,903,0.0,정체기
2025-05-05,3,월요일,2.7142857142857144,906,0.0,정체기
2025-05-06,2,화요일,2.5714285714285716,908,0.0,정체기
2025-05-07,3,수요일,2.7142857142857144,911,0.0,정체기
2025-05-08,2,목요일,2.5714285714285716,913,-0.047619047619047596,쇠퇴기
2025-05-09,3,금요일,2.5714285714285716,916,0.0,정체기
2025-05-10,2,토요일,2.5714285714285716,918,-0.047619047619047596,쇠퇴기
2025-05-11,3,일요일,2.5714285714285716,921,0.0,정체기
2025-05-12,2,월요일,2.4285714285714284,923,-0.04761904761904775,쇠퇴기
2025-05-13,3,화요일,2.5714285714285716,926,0.0,정체기
2025-05-14,2,수요일,2.4285714285714284,928,-0.04761904761904775,쇠퇴기
2025-05-15,3,목요일,2.5714285714285716,931,0.04761904761904775,성장기
2025-05-16,2,금요일,2.4285714285714284,933,-0.04761904761904775,쇠퇴기
2025-05-17,3,토요일,2.5714285714285716,936,0.04761904761904775,성장기
2025-05-18,2,일요일,2.4285714285714284,938,-0.04761904761904775,쇠퇴기
2025-05-19,3,월요일,2.5714285714285716,941,0.04761904761904775,성장기
2025-05-20,2,화요일,2.4285714285714284,943,-0.04761904761904775,쇠퇴기
2025-05-21,2,수요일,2.4285714285714284,945,0.0,정체기
2025-05-22,3,목요일,2.4285714285714284,948,-0.04761904761904775,쇠퇴기
2025-05-23,2,금요일,2.4285714285714284,950,0.0,정체기
2025-05-24,2,토요일,2.2857142857142856,952,-0.047619047619047596,쇠퇴기
2025-05-25,3,일요일,2.4285714285714284,955,0.0,정체기
2025-05-26,2,월요일,2.2857142857142856,957,-0.047619047619047596,쇠퇴기
2025-05-27,2,화요일,2.2857142857142856,959,0.0,정체기
2025-05-28,3,수요일,2.4285714285714284,962,0.0,정체기
2025-05-29,2,목요일,2.2857142857142856,964,0.0,정체기
2025-05-30,2,금요일,2.2857142857142856,966,0.0,정체기
2025-05-31,3,토요일,2.4285714285714284,969,0.0,정체기
2025-06-01,2,일요일,2.2857142857142856,971,0.0,정체기
2025-06-02,2,월요일,2.2857142857142856,973,0.0,정체기
2025-06-03,2,화요일,2.2857142857142856,975,-0.047619047619047596,쇠퇴기
2025-06-04,3,수요일,2.2857142857142856,978,0.0,정체기
2025-06-05,2,목요일,2.2857142857142856,980,0.0,정체기
2025-06-06,2,금요일,2.2857142857142856,982,0.0,정체기
2025-06-07,2,토요일,2.142857142857143,984,-0.047619047619047596,쇠퇴기
2025-06-08,3,일요일,2.2857142857142856,987,0.0,정체기
2025-06-09,2,월요일,2.2857142857142856,989,0.0,정체기
2025-06-10,2,화요일,2.2857142857142856,991,0.047619047619047596,성장기
2025-06-11,2,수요일,2.142857142857143,993,-0.047619047619047596,쇠퇴기
2025-06-12,2,목요일,2.142857142857143,995,-0.047619047619047596,쇠퇴기
2025-06-13,2,금요일,2.142857142857143,997,-0.047619047619047596,쇠퇴기
2025-06-14,2,토요일,2.142857142857143,999,0.0,정체기
2025-06-15,1,일요일,1.8571428571428572,1000,-0.09523809523809519,쇠퇴기
